633   1862   2582
2   652   654
1   1986   332   1666   1454
2544
2176   1016   1761   1256   2175
1629   2546   1659
1416   1602   1042   373
208
281   1996   269
2614   723
476   2545
1655   1839
2661   1001   1318   2662
1810   1701
2034   2075   158   2077   2668
2367   1093   1090   1271
2444   1632   970   2642
24   2140   1316   1315   927
2082   139   1786   1560   2145
1939
1072   2374   2375   2269   2270
1043   2310
1703   1702   2238   39   1234
2159
17   1701   2139   1636   2141   598   201
1344   2011   1301   2317
2454   2455   123   99   122
1810   606   2360   2578
1687
963   2645
1358   1416   2162   697   2343   738
1594
1973   279   518   1850
2119   911   588   1051   2120   286   2040   2121   698
1358
1296   1913   895
1146   1640   1505   2106   1781   2094   1552   2107
2427   1190   60
429   1160   862   863
22   1634   1965   1349   1532   1522   2357
507   866   1364
1914   644   175   596
1372   87
963   2399   2400   152   1653   1530
1582   2624   2701
1986   733   2303   1219   2667   2668
2366   1604
1579   163
598   1666   2471   2205   1031   2041   1662   714   2206
2034   1666
1441
710   2214   2215   2213   457   1392
1467   2172   2182   1139   2053
1358   1103   1739
767   401
210   1983   787   2020   1156   771   60   815   2021   323   651   1079
1616   412   447   1849
2418
1715
1358   1725   1627   609   615   1287   2651   105   580   1067
37   55   1527
1416   1309   2162   2312   1080
485
1322
1737   1209   2616
1628   2418   2419   543   619   1293   1156   771   2021   239
2631
540   282   2628
1358   1986   391
1013   1914   1926   1351   604   1920   2189
441   2184
1986   206   2691
1358   1103
1358   797   449   1136   558   1723   1189   876   1214   1745   1751   1035
1416   586   1042   2155   544   2419   1118   1517   2052
2222   2223   2224   2225   84   583
88   2018   2178
659   1803
1418   1329   1219
2097   603
257   2049   1117
2180   347   527   423
1634   1138
1520   2581
75   2224   284   2223   2226
1065   2487   2488
1336   2034   429   2295
42   842   2164
76   2010   130   2011   1677   2012   2013   1713   1658   1394   1288   498   696   1882   851   743   2014   1732   162   841   1494   1908   1741   1174   1309   300   1527   1847   815   2015   2016   2017   415   737   2394   2178
1087   884   1401   2463   1157   1094   258   1653   1530   1585
1358   817   155   156
2122   2001   330   2380   2123   1046
898   1836
2151   550   1495   950
1966   586   733   1649   2490   195   2355   934   2263   2357   675
1535   1838   2200   2201   2197   2199   2181   2054   861   334   1303   734   736   2074   1628   1602   693   456   2183   2182   1580
2217
661   1353
1521
26   123   2454   2455   122   2604
1602   2056
1358   281   1589
1623   109   1878   1448   2256   1251   1871   1561
139   484   306   608   1790   1775
2210   864   401   1065
59   1721   2651   2476
2461
541   1113   971   1650
2157   1647   2209
102   1624   2045   236   306   124   1769   289   2092   459   318   2093   1772   1045   1785   1337   1998   1787   610   1789   1779   1346   153   519   133   1805   426   563   2094   176   2095   1661
1262   567   2279   1161   1599
1358   1169   2643   758   2492   1762
1623   487   306   2080
540   747   1884
2288   610   2506
973
1076   1501
259   2537
1616   388   2010   842   2030   446   255   1343   2165   554   581   1690   1507   2112   1029   2166   1538   454   1851
646   1959   379   1549   1901   1537
514   2405   1842   483   816
1910   980   802   1158   2251   589   2252
26   99   2454   2455
26   99   2455   2604
109   306   1367   1622   2478
458   2363
1623   2045   236   306   1551   2079
2604
233   392   370   2270
441   701
88   2017   1982
2169   834
904   1022   1959   379   479
109   1623   2045   1670   2082   1777   452   399   1784
406
137   2144   2095
831
135   2144   2329   2504
236   306   1776
18   103   1623   660   1780   910   2045   306
582   623
2034   1002   740
2049   1628   525   2181   456
1701   598   316
2192   1593   145   213
144   213   537   1593   1165   2622
1927   2059   897   1468   1907
1976   1519
714   2518   602   381   378
1416   2025   1655   1080
310   1942   914
1986   2236   2238   2335
43   2238   2240   884
109   1623   2045   236   459   306
1358   2525   1444   1339   1238   1568   364   326   1752   1753   1754   819
90   1358   817   1736   1689   1763   156
90   155   1358   817   1689   1763
1701   598   1870   2493
14   1701   2034   180
2308   180
1986   745   277   743   2000   2009   553
2010   842
88   323   1667   1174   1268
47
210   211
598   1473   2706   2707
271   2617
2437   1056   168   2482
167   2437   2438
1994   2706
1358   1067
790   1548   775
756   1692   2187   240   512
1358   687   1033   1586
1358   1742   629   2334
41   1914   2388   955   596   2217   2135
109   973   231
2679   2682   1639   726
833
1986   231   197
158   159   2037   1807   1020   2076   791   2004   790   775
1013   1464   1359   1683
183   997
182   1837   997
520
2003   297
2702   1672   2580   1228   1319   1536
1208
1169   1727
1072   1262   1509   564
2135   491
608   382   1677   1998   2385   1791
2472
441   458
1050   1451   2646   2564   473
94   2424
429   2122   442
179   231   2412
1255
1869   420
2676   1439
24   1701   1986   598   2430   570   297
1250   353   1173   1345
857   854   1115   963   1869
415
1701   1869
71   2691
833
7
2681
55   164   1905   1614   1626   1906   1907   1079   1671   2309
164   356   1394   1908   1909
1290
144   145   2192   1593
2194
1701   1986   2045
1701   1542
2473   2474   243
733   482   2119   1382   1020   2076   792   1348   781   2594   2091
1413   1542   507
913   376   817
817
821
1761   1154   744
1810   2034
2255
1701
883   534
1358   1871   1721   322   848
1894   1053   1405   2118
1810   549   577   1095   1217
176   179   197   1701   387   232   2217   551   1868
231   1701   1986   869   1864
128
610   2591
1701
109   126   138   153   1072   2045   1572   2046   2078   2079   306
2539
1828
65   2182   1376   1274   619   1069   1220   887   2418   1759   1909   910   2021
172   756   1472   512   1692
1441
1131   279   2280   838
217   473   2647   2648   2474
1358   1072   565   1610
782   1162
1358   1687   936   2515
2583
1964   1264   1531
1978   1884   621
2429
1413   1542   507   1300   1933   253   812
1973   711   973   2485
251   1413   507
507   1211
118   1343   2112   1266
756
80   2180   1388   964
89   1240   963   2645   1094   1153   1401
117   2537
365
1701   873   1894   1479
1464   1351
1103   364   732
1902   1826   472   844
1441
578   2227   2229   809
670   2000   2373
1740   2451
8   321   418   2543   2551
279   2280   1195   1215   838
166   2387   1970   638   2498
2012
374   846
749   748
1967   805
1463   1695   2133
160   973   553   1869   696
1185
32   242   270   2280   2344   1195   666   2423   2165   304   838   502
2155   1535
8   101   2247   2244   1347   1000   1382   746
67   747
2250   1559
84   2222   2223   2226   2224   2225   583
1999   502
33   442   698
2705
618
109   1358   1722
687   2359   1765   328   567
1692
2562
2038
306   2047
1177   1176
2685   732
185   201   1542   598   899
1325   1095   607
2383   2498   1484   2386   2387
88   415   634
1169   2492
306   1158   719   350   1253
2143   1670   719
279   1857   1172   2423
1416   1927
103   109   112   124   126   138   139   153   236   294   302   1072   2045   973   608   542   655   1572   1770   573   2084   1551   1797   1656   2085   958   1856   1584   1771   1651   2086   1009   1193   2087   1640   2046   1772   1483   1798   2078   1045   1490   1799   1158   2088   2080   329   1245   2089   1705   1775   1787   350   887   1251   1802   417   554   476   1779   1346   581   1781   452   1804   487   519   308   1805   1782   426   656   2090   2048   2091   1367   719   910
991
306   2045   1670   350   1253
2305   2268   383
150   1241   352   990   1947   1948   1815   892   1949   1581   1272   1944   1945   1946   1950   1331   875
343   690   1132   1865
1740   1610   1722
2296
1623   2000
1921   408   2232   423   1602
143   598   766   1073   920   1821   2004   1297   845   1868
1624   1785
109   1701   2045   563
1205
1597   348
269   1450   1083
228
55   162   2020   498   2022
2194   827   2156
787   1848
154   1358   1754
928   1996   1325   2063   2064
290   1250   951
306   2598   1798
91   1505   2123
1527   2480
2   2615   665   2003   2122
1358   1694
95   1013   693
1701   1986
1944   1950
1358   1776   1214   1499
1413   1542   1934
813
584   2463
1358   2045   613   1546   1389
1072   1512
311   1701
661   441   854   2323   389
833
1358   999
81   525   408   423
320   2248   2250   1643
465   2427   419
302   306   308   1623   2084   2085   1640   2089   1775   1778   1782   656   2090   406
1810
310   1944   1294
202   2507   1173   1345
659   1803   2453
1668
211   2018   2116   1259   498
1358   1154   657   2652
2642
1483   389   1620
1824   1409
2681
1966
1003
154   263   1358   1632   970   2642   1606   1756   1306   732   819
260   2469
1986   745   1583   553
2083   2451
1545   428   996   1366   1194   2249   2393
385   2484
128   1408   1414   2269   1415
1415   1414   1553   1441   1354   720   2375
1834   1710   2377   626
6   1042   1025
273   2146   2149   413   846   2147   1101
963   2401   2434   2435
220   1583   672
733   1265   678   2291
148   602
119   132   1898   904   1022   1959
930   2569   477
148   2518   2538
191   2034   1203
309   733   1704   2268
1623   1624
369   2483   2484
2114   2115   2117
231   519   2191
118   2497   1899
344   359   1483   704   2450   1743   1077   905
1108
68   1986   2365   493
128   1415   1825   720   1619   2269
739
1063   577   2351   849   1064
2367   640   1147
1988   1217
2329   879   665   1096
730   2177
133   1089   544   1769   2107
1354
54   104   1065   1160   733   1096
1413   1542   507   776   1940   1932   1936
1742   464   2503   1037   2654   806   1383
1476   1170
1927   2059   1275   738
134   350   505   2505
1681   1682   695   409
315   347   525   734   1841   2056
407   1624   1681   2084
1179   676
1488   1096   1577   2609
56   1616   1849
374
711
88   204   300   1677   1843   593   966   737   851   818   2014   1908   2178   1174   1644   1309   1527   1847   1850   525   2182
1701   519
306   1072   2034   1871   2494
269
349
199   1869
2216   2213
545
81   315   347   525   527
436   1203
2466
109   306   1805   1782   1777   1789   487   1772
565   1528
368   2248   2671   1257   996
38   86   196   2043   1493   1807   2044   1618   1889   794   2001   2041   1669   523   705   863
2130
2694   2695
1597   1442
436   756
1524   1693   2408   2133   1117
733   1912   486
424   433   1977   1978   878   1979   1039   816   498   1332   885   1494   668   483   1980   1981   1982   1131
1985   1495   950   718   498
1983   787   1984   1985   718   1667
1169   1642
1296   2179   441   725   1913   895
70   129   193   344   440   1537   671   1455   2184   2094   454
196   286   627   2362   588   1051   2120   698
1966   1010   1531   1264
582   488   623   515   2289   2290   2464   828
1434   909
118   903   1507
56   1616   1849   2638
1824   1902   1826   472
73   1834   1280   2581
1569   2538
671   935   2285
133   306   1623   1258
2305   1806   2306
118   441   973   2188   2189   1441   1917   2190   581   2022   1661
2486   2147   1664
95   142   525   2054   667   2347   2199   2472   544   1580
51   2216   1201   2215
125   193   1122   1953   1555   1276
109   153   1623   1681
1986   1989   2532
2309   1203
1048
1964   1703   1702   1966
403   2444   2445   1758
349   1403   896   1869   2304
1358   2546   970   1738   1305
1701   1708   1172
647   1311   1313
2412   2304   620
857   854   1115   652   1097
1013   2394   2013
264   448   1825   559   844   1183   1182   2029
194   243   1575   2647
1181
2219
10   306   1986   1140   1800
380   2569   930
514   2024   1978
132   1880
598   687   2359   1710   2372   1426
1810   2291   823   1287
218   2230   1812   1814   1807   2307   2308   790   1810
120   436   2405   816
103   542   2081   2046   1699   1367   1775
62   1042   839   2219
435   2077   2667   2668
112   306   426   655   2026   1773   1798   2080   1705   859   1782   1772
444   2547
1358   2390   2391
1973   2105   1879   826   2099   1309   1463   1981   1131
190
1257   956   1533   688   2678   2673   2538
391   1759   1244
2614
2192   1328   1327
711   596   992
2419
88   323   356   436   437   1652
2457   2458
2241
1358   1765
279   285   1976
1692   576   2001
1973   2394   2396
406   573   1180   1304   1448   1258   843   1251   1779   1560   2083
1013   1914   1918   1352
40   219   251   253   254   402   1940   1931   1211   1363   1941   1933   1413   1176   1300   812   1936   2508
2325
1101   2146   2148
1013   1131   1171
1810   549
172   240   756   1472   1692
565   1528   657
120   478   1978   1882   1314
444   2464   623   2547   2465   1102
2104   1882
2105   952
32   666   2423   1373
109   306   387   416   2045   1574   1670   836   1998   1986   1346   598
184
598
2097
429   949   2406
1358   979   2476   1169   552
142   347   408   415   423   456   1540   2180   2181   2054   2182   1628   2183   2057   2172
565   1742   1216   1007
81   423
803
1419   1417   2260
1013   2094   1505
606   2308
1701   1863
1742   2466
227   629   609   933
2641   2392
1894   567
145   2192   1698   1593   1165
1286
1616   711   2155
67   113   1441   2527   747
107   904   647   1896   1360   1022
306   484   1623   1245
65   984
74   399   456   2199   1769   2347   2052   1580
422
1608   2127
1701   598
2138   809   843   1937   1523
230   511   1810   1497
93
231   2388
524   1358   1169   2201
160   277   366   1995   1127   745   1583   2009
118   306   685
1463
1623   1805
1725
73   2585   876   1706   1189
472   1182   1579
2526   774
1016
1483   1735   704   2450
109   318   1701   2045   1337
189   1262   2476
244   427   513   526   1398   1361   1610   1723   1528   2279   1038   687
1986   1907
110   290   536   760   1262   631   1513
1810   1116   1223
1759   2512
201   2430
696   1570
1416   2025   2418
306   505   643   1313   2407
1692   576   2001
2283
503   574   1810   665   2348
230   394   1518   870   906   2351   2352   2353   2354   849   1063   1129
266   1879   1974   1105
1808   994   1134
59   1358   744   2444   1742   2445   1758   1765
118   306   454   1623   1792   1616
140   444   2548   2549
75   284   2224   2225
340   623   2463   2289   2464
2526
74   94   1224   1218   2155
1032
33   442   2383   698
121   1624   1158   980
1954   1441
1423   1017   1078   2472   642
2669
415   1115   1474
2195   663
2176   1016   1256
41   175   496   1914   644   992
1628   1104
24   48   143   157   165   201   297   316   480   519   521   547   1003   1107   766   2138   1299   869   1864   1821   968   637   1297   845   1823   1636   1301   1870   1473   1573   1875   1100   2707
1271   1093
2394
2229
148   378
79   2045   716   1248   795   1821   1873
69   1914   1652   1351   2109
1107   2534
27   531   2230   2360   1666   2361
298   1213   1664
103   191   306   1623   2080
59   534   1358   2446   883   1041   2447   2448
109   114   234   2287   2288   826   2481
2690
2235
341   1358
1475   2470   888
59   2443
1358   2365   1739   2503
2034   705
288   938
65   239
469   2534   923
249   2018   1332   1978
1951   1952   1002   886
140   444   515   584   2464   2289
1042   1232
1024
372   1358   2556   2558
442   2122   2238   2335
1764   1169   2546   1725
174   534   883
973
567   2358
1430
0   1701   1866
300   2227
2058
2233
598   1641
271   783   1773   2387   893   808   924
900
395   2420   894   765   1090   1598
2704
591   2472
573   1538   1167   2407
41   596   711   728   2177   1258
1358   1824   1898   1899   1267   1900   1495   950   1895   891   1901   1826
119
468   541   1267   904   1360
1441
1171   1457
1250   1486   1557   1685   1756   819   2083
55   2023   1984   885   2024   1667   2156
1   470
1231
1
306   487   2080
306   350   2090
357   513   1254   1740   1229   2440   2522   2442   867   871   2523   1729
2147
77   354   1803
139   1623
97   344   1353   1878   1028   935   1879   1880   830   1881   807   1045   1882   1883   1884   1885
932
594   2195
1701
332   397   576   2120   2122
279   518   1973   1850
456   2364   2472
436
729   1086   1124
267   2606
441   451   2025   973
376   2456
1986   1907
1907
94   2356
410   1955   2235
954
377   733
1395
2199
1986   1445   1446   1171
1224   973
2169   834
1358   1282
554
1358   2366
173   290   480   565   1358   1171   1710   1033   1586   1610   1725   2359   1546   2372   1721
492   1257
1358   1317   1169   1721   1292
311
2034   2130
2629
95   334   2108   763   1851
1478   2516
407   1336   1681   1682   1998   2319   1012   1790   948
88   277   571   1570
30   1080
33   286   442   588   1015
1701   2045   2327
1691
129   735   739   2062
777   993   1637   2101   1368   822   779   2069   2070
2497   1961   801
389   562   1483   969   2450   1743   1412   2113
429   617
1240   2238   963   805   2645
763
1358   2212   2216   836
1896   1903
51   2212   2213   1392
252   414   496   539   644   2111   1285   2112   2113
1464   850   2480
1044
48   148   1385
2291
603   1810   1821   2409
1907
437   438   1416   2059   2261
302   303   306   1623   1810
371   392   1441
1034
1273   1874   2500   1567   2501
9   2614
1344   2394   2395
440   1652   2071   1104   1137
177   2671   1533
1386   2570
644   1296   2388   2553   1070
669   1701   2534   1221   1159
398
901   2199   1279   2203
263   296   364   1756   2685
45   94   218   377   383   401   435   678   2035   1062   1265   2011   2301   2302   1329   759   1817   1294   1818   2303   1160   2304   2291   794   1682   2268   1192   2008   862
95   408   1841   2277   1006   2197   1388   964   736   2056   751   2202
701   1958   1881   2060   2061   2062   1237   739   1543
95   734   1841   1006   1631   2197   1388   964   751   2202
88   415   1974   1630   2136   2178   1269
30   405   1927   2162   1080
393   701   735   1958   1881   1543   1237
141   1002   2033
2093   1011   1088   1282   831
1483   1743   1620
88   160   1986   745   1239   1570
223   580   1358   1154
160   366   553   743   1986   1995   1127   2009
281   1303   2006
113   282   540   1538
274   1358   1103   1169   1617   1550   1732   1568   1374   1145   2553
274   2155   1333
1441
734   736   1204   2198   2202
957   2083   2451
1880   1269
1358   1483   2450
1898   2071   1277
172   240   256   433   512   2186   2187   1469   1472   1692   885
1358   2421   1284
111   1358   2492   1762
733   1703
567   2459   1513   2460   1426   985
1401   1443
2448   859
693   707   1635
1358   796   1612   1606
640   2367   1147
316   598   1297   1868   845
54   1701   873   2314
1566   1723   1724
1927
2117   1894
55   65   1080   1156
908
1072   1505
560
171   180   2075
402   1413   1542
702
1914   1224   1370   779   1919
702   778   1914   1973   1224   1370   1592   1919
2341
218   2402
245
638   1061   2376   893   1143
1701   960
1664
947
55   325   438
1952   2205   1031   2041   2033
1703   1240
171   180   482   1810   1548
180   2034   2130
218   1558   2555   1986   1488
1896   1902   1903   2592
429   733   1160   1590   863
603   1810   1645
764   1358   1103   1317
73   1358   800   1833   2359
1381   1793   1794   1795
961
797   889   820   1834
703   1470   1961   2516
121   1307
528   2100
1307
275   706   2236   963
403   1383
661   1955   1226   1956
638   2383   1785   924
266   548   2229   2228   1115
1068
900   855
251   507   1413   1542   1300
339   2376
1158   2382   893   2383
55   88   2018   1344   1174   2017
120   436   483   2405   2282   1842   1980
90   155   156   220   221   2456   1736   1763
415   1999
154   364   650   1358   1606
800   889
222
702   1973
481   1358   1169   1765   2221
1831
1765
490   610   2287   2528
324   1999   1921   1039
444   1795   2464
1816
661   1914   2100
136   741   1358   1638   2093   1011   1733
2600
178   207   345   2036   2495   1641   2595   1678   1130
131   683   2168   876
1810   1121   1134   1654
519   708   1572   1013   2078   1131   1343   2403
1422   2670   2248
242   270   279   868   1131   2280
485   2277   965
2481   1903
88   2034
87   118   161   2016
505   548   2339   2542
264   472   1902
316   598   766
273   374   2146
2189   2422
228   1373   985
394   577   2351   1993
712   1464   2278
88   415   2018   1309
1800
1358   1169   1762
203   344   470   857   935   1097   1884
811   2493
2248   1390
203   470   854   1246   1097
2182   2502
487   762   2096   1030   1199
1427   1527   1758
95   2330   2068   1397
38   733
38   429   794   1160   1590
104   2210   1065
2653
40   1049
657   1229   2439   2440   2522   1252   2442   871   2523
838   988   1341   1195   2276   1844   2099   1526
232   598   1701   1440   1864
577   1119   2126
657   867   1229   2530   2652
1413   1542   1340
261   767   1358   2313   1479   1708
1701
310   1945   1950   1942   914
73   558   834   1358   2168   2584
1413   1542   1177   1176   1935   1300
436   2326   885
397   1558
1013   973
1199   1155
1358
227   609   629   933
89   152
436   651   756   878   1039   2386   2024
622   1400
239   306   1623   1624   910
614   1475   1556
800   820   1830   1831   1832
1269   1314
645   2608   1674
310   1950
638   783   814   911   1051   2383
640   2367   1845
35   440   1187   1296   1913
465
146   1410   1983   1907   1156   1152   1494   2295
92   1835   1836   2160
297   1858   1986   1055
639   811
731   2186   1042   2199   2073   1279
1358   1284   1604
446   2030   2031
132   379   541   647   1360   1959   1312
389   1483   1282   1620
577   2351   2353
1351   1916
772   1013
445
139   239   306   887   1623   2085
33   893   2376   1534   1051
2130
220
150   875
1740   1035   2597   2415
1026
2639
1542   2065   1098
1358
316   1893
1914   2134   2293
1307   1406
620
638   808   2383
1222
1862
17   2140   1316
327   2063   1326
1358   2627
380   477   2569
1433
662
534   883   1038
94   2356
451   661   854   973   1873
246   1067   2530   2515   2641
2096   1180   1304
618   2230   2027
2173
1829
2517
1952   1924
1196
2138
1072   1911   2388   1512
1966   2623
786
695   1395   1681   1682
523
93   437   645
328   1358
517   2546
2565   2566   2567
677   1112
175   1914   1482
492   2677
752   1358   1154   1557   1685   1757   2167   2083
306   1072   1798
2529
784   1776   2650
799   2555   1728   2599
1806   1062   1665   1807   1808   1809   1810
29   43   203   258   375   706   805   1141   2399   2400   1785   1417   2240   2401   1703   1157   1094   1443   2434
257   734   736   1388   965   2198
839   964   2197   1693
415
2659
598   1986   1603
704   1483   1735   2450   1743
16   364   466   1358   2365
107   1650
2247   1000   2579   2580
115   176   252   277   306   454   630   671   682   880   935   1072   2153   2019   1583   1142   2016
1496
2097
998   1431
1281
1358   998
524   1303   2207   1503   1957   1839
121   589   1623   1367
1221   1159
2175   2176   1458   1091   1256
2130
543   1068   2265
760   848   1358   1149   1073
2697
1175
868
2285   1645   1507   2436
310   1542   1054
307
496   596
702   2155
579   2309   1329   1219
1309   2385   1912
368   428   2248   2518   1257   1135
182   183   1837
976   978   1103   2365   1431   1284
346   1358
281   972   2543   1325
12   2662
141   622   740   2034   1952   2033
363   598   1687   2607   1373
1810   1489
1541
734   736   1302
526   1742   1154   2466
1416   2059   1922   2575
306   2096
443   1966
741   831
695   1336   1681   1682   1797
69   181   334   471   506   510   530   836   880   908   1840   1841   1842   1843   1521   1403   1293   1844   1729   1845   1583   1120   1625   1644   1846   1675   1847   1848   1849   1464   1850   1851   1661   2045
1558
698   1385   1068   1618   1425   2262   1788   1789   1452   1519   1143   2263   1481
4   561   595   2176   1256
591   1475   2472
2378
1457
180   218   2075   2077   2667
2309
132   379   541   1961   1168   1962   1276   1963
1701   1986   2568
625
373   1042
916   2034   1303   2531
2394
661
118   2166
859
48   788   1952
587
173   687   2168
721
73   915   1740   1833   1486   1801   1433
2562
403   2654   2447
565   933   1358   2503
436   827   885
1358   1317   1169   1765
609   1358   1243   1466   2390   2448
6   74   373   485   624   901   1025   1628   1198   1118   2073   1047   2055   2198   1125   1517   1925   2051   1926   2052   1481   2054   2333
21   2309
713
109   306   661   1773   1571
91   2336   2587   2387   1510
1042   2333   1588
462
866   1894   2610   1432
194   1634   2563   1569   1230   1081   2564   1380   1342   1320
33   442   893   911   2122   2383
1701
229   1405
990   1950   1577   1099   1605   1432
899   1577
167   2482
2409
1195
1600
1441
783   1196   2376
733   962   1810   1192
394   577   1518
394   2351   2352
85   104   401   864   1699   2211   1096
1574
59   170   936   1830   2307   2448   1216
810   984   1015
239
728   1358   1167   1829   1470   1072   1725
2248   2671   1257   1135
20   189   236   244   306   342   417   773   945   958   973   1070   1358   1797   1483   1798   1799   1478   1505   1262   1800   1733   1801   1802   1803   1740   1804   1805   1784   1725
316   985   2163
1501   1675   1676
1701   1124
116
389   1483   2450   2113
591
55   210   1914   1218
61   149   697   738   771   2162   2344
1050   2563
1534   2386
321   2114   1232   1450
1213
2394   1421   2109   2110
669   2247   2579   1124
89   2434
741   1089
399   1088   2086   1552
15   640   2367   1271   1093   1147   1598
982   2176   1256
1171   2501   1106
15   599   1090   2367   1271   1598
89   258   963   1369   1443   1653
230   298   1810   1986   1325   2613
397   401   411   1065   1633
470   854   857   1115   1869
918   2066   2067   1477
1054   1577   1607
598   1701
374   509   2146   2148   1242
515   2464   2290   1207   2465
53   72   263   748   796   998   1358   1123   1718   1480   1886   1520   1887   1888   1748   1284   1760
597   725   2264
578
1092   1874   2501
598   605   1810   2243   2379
390
2671   1533   2674   2675
2025   1224   2295   1120
1119   2126   1273   2129   2125
954
107   1650
1717   2560
203   470   593   809   1097   2276   1529
568   1223
80   434   1628   2499
74   1042   1416   2155
870   1111   2124   2128   2125   1663   1235   1462   2129   2127   2126   1273   1697
1013   1110   2025   2194   1583
835   1810   1410   2136   1131   1655
458
1103   1358
669   1075   1086
1042   2332
1823
553   745   1986   1583
1441   1954   2275
577   1518   2351   2352   2353
833   2495
242   436   490   510   836   838   1121   1224   1538   2280   1500   2281   1930   1215   1133   2185   1655   2282   1909   2283   2155
311
1131   1538   1500   2185
579   835   2296
996   1071   2671   1257   2678   2518   2248
73   2359   2554   1189
725
82   2248   2250
52   1628   2054   2182
476
963   2294
973   2326
783   1015   2262   2155   2376   1618
1623   1245
748   1358   1169
36   1505   1506   2254
395   765   1090   2367   2371   1598   1865
1317   2221   2220   1747
985   1358   1986   1894
1243
2700   2570
897   1927   2155   2416
258   1401
223   357   744   957   1007   1358   2514   1714   1715   2515   1742
881   1229
55   65   771   897
89   963   2240   2463
121   302   306   589   814   1635   2251   2252   2382
729   981   2534
38   401   733   794   863   2268
110
245   1510
1402   2132
1287
145   537   1593
1986   2582
643   1070
1022   1955
111   188   301   439   524   552   628   689   748   823   853   1040   1145   1714   2220   1719   1720   1731   1734   1737   1358   2492   2476
404   1476
510   649   681   687   1092   1855   1355   2359   1909   1295
304   467
202   353   1250
88   162   415   815   2394   1912
987   2359
295   507   877   1542   1935
295   877   1542   1935
1984   2350   1908   1529
410   1955
505   937   1304
474
472   559   1183   1579
472   1182   1824   1825   1354   1579
2100   1190
278   1992   2358   2589   2590   2349   1460
2535   2574
895   1188
1187
73   558   1136   1358   2359
37   1184   1387
2241   1558   2339
733   1062   1621
306   1705
368   2670   1366
270   279   868   1058
943   1061   1624   1367   2300
1998   1791
1042
859   881   1214   1566   1716   1599
2207   1502   2414
457   2533   2214
2376   1428   2336   2524   1510
382   424   461   1410   1842   1215   2155
751   1330   1838   1839   1602
319   1358   1761
2671   1257
1102   2464   2290
187
64   1358   1737
1648
254   507
1701
607   1084   1290
73   337   1199   1716   1499   1745
270   1131   1203   1894
526   1067   2446   2503
230   396
586   1079   1927   2116
45   78   994
239
729   981   1949   1607   1577
925   1224
568   1116
586   682   778   779   1110   1131   1222   2151   1525   1341   1660   2152   2153   1587   2154   1370   2155   1732   1583   1919   1291   1526   1848   1975   2156   1851
1450   2579
807   1955   2528   1956
1269
186   2580   1536
657   867   871   1155   1358   2439   2440   2441   1308   1627   1506   1254   2442   1749   1384
1050   1342
653
624   1083
2433
22   1703   1702   1966
1119   2126   1462   2577
2479
735   739   1958
154   1358
743   2611   2027
258   706   789   2237   1702   1443
310   1701   1950
1101   2146   2148
1041   1150   1358
493
306   542   1144   2080   1770
857
1679
603   2045   1651
1483   2556   2558
202   328   650   1173   2507
102   306   505   1623   1448
867   2656
302   308
657   1229   1308
198   2248
4   595   982   1016   1091   2176   1761   2175
428   492   688   996   1071   1135   1206   2248   2677   2678   2518   2671   2673   2679   2538   2249
452   505   644
356   2342
2250   1559
2130
110   189   564   567   1072   1509
1407
248   443   1531
377   733   2291
255   1984   1529
645   647   1824
162   1929   2309
737   753   890   1227   2227   1880   1630   1314
2034   1622
15   599   1090   1093   2367
310   1945   1950   1947
722   1111   1119   2126   2125   2129   2034   2124
239
405   1468
458   1022   1962
755
2305   2268   2306
731   901   2203   2186
449   2612
977   1358   1746   1748
684   741   905   1483   1776   1735   1283   2324
1282   1776   2324
757   902   998   1103   1358   2450   1604
711   2182
538
59   481   1164   1358
88   1309
1705   1622
212   1213   2258
1224   1660   2154
689   1358   1317
65   1013   2418
352   733
1171   1987
35   440   728   895   1910   1911   1912   1913
316   598   766
2703
598   1810   1701
251   507   812   877   1542   2508   1941   1940   1933
25   598   1542   2140   1316   1315
1006
95   746   979   1026   2163
505   937   1180
466   1358
364   1317
802   804   922   2536   1444
1229   1254   1627
61   88   415   490   851   995   1288   1677   2102   2103   1338   1882   1625   1741   2015   2178
2692
468   2080   1312   1313
904   1311   1313
468   573   1311   1312   2407
514   890   1269
17   1301
17   927   1301   1679
689   796   1040   1148   1292   1306   2220   1719   1720   1739   2221
12   2661   2662
186   2034
1050   1491   1349   2684
2501
63   2265
1701
2035   2265
298   327   1000   1095   2247   2063
928   2063
495   2161   1328
495   1327   2160
78   733   994
1204   1837   2068
310   1810   1576
436   621   2024
749   1973   2312   2195
1701   1542   1950   1577   1941
1856   2087   2090
86   695   1012   2032   1797   2033   1452   2034
109   563   1701   2045
1309   2385   1912
154   1358   1753
872   1413   1542   1943
868   1224   2425
1050   1230
118   255   836   2316   2165   1645   1507
25   724   815   1928   2315
202   353
109   306   519   1670
281   1997
218   1810   2163   2605
39   1320   1634   2684
1443
69   262   604   907   2134   1592   1362   1972   2282   1535
506
97   661
371   400   1183   2270
1171   1957
1613
2025   2170
30   34   53   59   68   72   73   90   101   111   154   155   156   170   173   174   228   244   246   289   326   333   337   341   346   357   364   466   489   501   524   552   580   609   613   616   626   645   684   686   687   689   708   744   748   754   757   758   764   796   797   819   823   831   853   873   876   882   902   919   929   951   957   970   978   985   999   1038   1040   1041   1070   1072   1103   1123   1145   1149   1154   1169   1189   1205   1209   1229   1238   1243   1281   1284   1287   1292   1305   1339   1708   1709   1710   1711   1712   1444   1713   1562   1714   1715   1716   1717   1718   1516   1646   1480   1719   1565   1720   1483   1499   1620   1721   1722   1550   1723   1724   1725   1726   1727   1728   1729   1730   1731   1732   1733   1734   1735   1736   1737   1738   1739   1740   1568   1741   1546   1742   1743   1744   1745   1746   1492   1747   1748   1471   1749   1750   1599   1389   1751   1384   1752   1753   1754   1755   1756   1757   1758   1759   1604   1760   1761   1762   1763   1764   1765   1766   2597
181   1914   2278   1464   2480
541   647   904   1902   1960   1650   1904   2491
565   1528
1351   1914   1372
507   1413
40
1703   1702   2509   2519
368   1194   2248
124   306   484   980   1196   2143   1656   1584   1778   2080
702   2553   1911
1094   1653   1530
778   779   1224   1525   2274   1919   1975   2485
1393
42   1362
518   848   1003
748
2586
239   1848   2232
1840   2068   2069   2070   2388
2058   2150   1544
2564   1380
1050   1379   2564
798   1794
218   281   1502   2176   2283
403   806
1229   1358
714   1015   2335
727   2570   2571
1190
257   734   736   964   2197   2181
341   1358   2597
856   2681
1693
51   710   2212
1371
88   211   2137
679   948   2072   2266   2189   2267
2394   1399   2395   2228   1421   2109
861
565   1528
1396   2227   2309   2394   1501
886   2698
89   258   761   1153   1585
1163   1616   1919   1482   1972
465   1013   2317
2375
229   1053   1894   1508
922   2387
1263
370   1829   1826   1553   1828
360   1553   1828   1826   1827
897   1121   1203   1655
2218
704   1483   1735   2450   1743
219   251   253   338   402   507   776   812   872   877   1340   1363   1931   1932   1933   1934   1935   1936   1542
370   371   1415   2270
370   371   392   1414   2269
6   30   61   74   149   305   572   718   1008   1118   1921   1922   1923   1924   1925   1926   1468   1602
529   963   1703   2350   1529   1452   2260
78
529   2259   2260
2394   2396   1421
1085   1396   1420   1975   2394   2110   2109
837
591   1692
1813   1621
1015   1618
480   760   1751
860   1742   2446   1725
1202   2376   1429   2520   2336   2524   1534
1428   2520   1534
632   1718
976   998
1049   1054   1950   2663
931   1035   2359
445   1986
1927   2059   2071
2259
1688
2664
200   2676
869   1701
50   241   265   371   454   540   590   648   720   750   1060   1128   2271   2272   1619   1707   1700   2273   2274   1954   1957   1958   2275
432   2462
761   963   1094   1240   1350   2645   2399   2240
154   1307   1358   2323
681   1446
681   1445
1928
102   505   1251   2034   2045
2681
321   1083   1225
194   2564
1015   1336   1417
1701   1986
2
441   1537
1457
649   1019   1456
982
2218   2080
1185   2358   2349
2248   1634
1119   1235   1611   1663
276   490   555   2131   2132   1695   2133
181   262   712   850   1013   1359   1914   1482   1683
1799   1488
1041
52   2172
146   1275   1416
756   1692   2349   1498   2346   2358   2590
801   1070   1824   1953   1555   2553
1358   1646
240   512   756   2187   1692
165   598   2707   2706
593   2261   2335   1908
614   888   1017   2469   2470
404   1170
1098   1542   2066   2067
694   1072   1902
261   873   1701   1894
1103   1358
1015   1042   2335   2332   1669
955   1402   1464   1973   2132
306   359   389   562   704   742   754   905   969   1072   1077   1249   1282   1358   1412   2208   1620   1726   1735   1743   2113   2083
299   2383   2498   2520
1914
650   1035   1745
1849   2017   2137   1501
411   792   1465   2601
1004
306   2327   2085
1320
1358   1765
429
88   436   897
93   437   645
974
549   2034
1469   2025   2349   2590
337   1214   1358   1776
1131   1133   1538   2185
116   1074   1399   1487   2395   1676   2228
1200   1382   2163   1503
979   1502   2241   2243
2209   1647
36   330   530   773   1072   1146   1624   2086   1699   1801   1788   1552   2107
1146   1229
118   446   989   1343   1645   2436
1405   2117   1894
189   1262
1046   1162   1202   2387
1519
342   945   2023   2145
567   760   1830
1692
2182   2234
1358   2612
74   1042
577   1063   1129
147   1015   1511   2335   2108   1534   2640
83   1103   1765   1750
98   1013
39   1697   2680
548   2449
434   1693   2499
1224   1370   1914   1973
868   1224   1879   1977   2099   1981   2425
60   88   331   415   860   1668   2450   2274
427   513   565   1361   1398
1115   1178   1266   1417   1984   2350   1908
43   89   1369   2464   2240
248   443   1264   1889
39   2648
492   726   1109   2671
911   1082   1428   1429   1519
95   280   1351   2155   2293   1916
186   1228   2580   2702
119   441   1455
118   643   747   1131   1133   1500   1842   2185
1914
525   1628   2054
1005
216   219   251   297   338   402   776   812   872   877   918   990   1176   1177   1300   1301   1334   1340   1413   1477   1939   1940   1931   1941   1607   1942   1935   1943   1936   1577
735   739   2029   1881
1378
368   2248
341   687   1358   2169   1804
2169
171   790
119   1901   2286
748   1358   2083
126   306
36   1089   1505   2591   1778
371   1408   1409   1827
1657   2687   2686   2688
458   1470   2363   1953
888
650   957   2168   2083
792   879   1014   1191   2338   2339   1986   2340
283   1260
18   505   1623
102   1623
1358   1765
2633
1772   1786
1358   2365
768   1199   1895   2071   1732
722   1874   2500   1654
154   748   1358   1729
450   1050   1966
571   696   743
1045
236   306   836   1776
598   2698
519   1066   1986
473
1331   1810
411   1054   1055   1099   1221   1334   1542
2497
47   559   1182   1183   2029
95   456   544   2199   2200   1892
310   1810   1819
44
366   376   553   973   1013   1120   1127   1224   2025   1995
306   1367   1798
89   1401   1653
173   687   2168
1224   2154
1047   2333   2055
101   2596   1745
794   863
2541
779   1351   1914   2071   2485
144   145   213   537   1165
31
2246
2476
320   432
640   1090   1093   1147   2367
110   1199   1358   2614   2460   2441
1059
1750
6   95   100   315   1204   1416   2072   2073   2074   2054
968
46   902   1284   1358
1054   1950   2663
364   764   819
1099   1221   1542
546   2124   2126   2489
1790   1791   1912
244   312   565   687   2556   2557   2558
1462   2124
764
1356
210   2034   1671
1665
56   118   412   447   539   581   1402   2050   1849
748
429   1015   1143   1425   1789
392   1441   2269
359   742   905   1358   1483   2450
1192   1424
124   1270   1289   2425
102   112   126   133   139   153   314   350   384   452   459   542   556   581   608   660   719   887   910   980   1144   1251   1560   1561   1767   1768   1769   1770   1771   1772   1773   1774   1775   1776   1777   1778   1779   1780   1781   1782   1783   1784
109   317   384   409   589   887   1196   1505   1785   1786   1705   1787   1777   1788   1778   1779   1780
1013   1309   1729
210
59   1229   1308   1740
65   95   142   525   597   1042   1117   1139   1540   2053   1635   2054   2055   2056   2057   2021   2172
5   1711   1659
737   1269   2227
736   2196
16   364   1756
1096
39   82   1050   1349   1461   2393
763   1158   1628   2383
24   598   1701   2139   2141
702   1973
831
177   1688   2679
36   306   350
637   833   2495
439   2657   2658
348
415   1013
795   989   1343   1507
1358   1471
108   1504   2160   2209
1210
94
107   971   1113   1360
306   1248   2045
498   604   725   1972   1848
43   89   1094   1369   1585
835   1567   2034   1952
11   149   1121   1131   1410   1842   2295   2136   2384   1894   1839   2282
306   1367   1798
1554   2686   2688
88   2018
5   1629
1224   1291   2154
109   454   1013   1851
48   1666   2381   2398
1119   1462   2577
455   607   785   2147
962   1615   1701   2034
2   48   49   606   1662   2381
162   438   651
355   1527
429   1481   2332   1892
133   303   308   519   1346
210   1614   1929   1968   2136   2137
186
2660
891   1914   2608
1013   1074   1914   1676
1074   1501   1675   1914   1975
88   191   415   1309   1908
833   1746
1247   1316   2140
2056   2576
407   409   459   695   948   1012   2318   2319   2320
407   695   733   948   1012   2321   2189   2291   2319   2320
181   1464   1973   2132
2486   2513
650   957   2083
2647
28   246   1003   1721
1437   1639   2671
155   156
118   2112
700
172   240   291   503   512   574   756   1423   1469   1472   1514   2345   2186   2302   2346   2187   2347   2348   2349
434   965   1391   1524   2408
333
276   1463   2133
1713
1119   1522   1986   2253
537   2160
484   1065   1505
1441
13   24   143   157   158   201   205   215   216   226   231   232   235   261   318   335   343   416   467   532   547   563   633   664   699   729   767   784   869   874   1023   1052   1075   1100   1212   1241   1299   1323   1334   1337   1440   1453   1479   1636   1665   1852   1853   1854   1855   1856   1857   1858   1859   1860   1861   1862   1799   1863   1864   1820   1865   1866   1846   1867   1868   1869   1870   1871   1872   1873   1874   1875   1876   1877
22   463   1234   1240   1365   1703   1970   1971   1966   2238
22   463   759   789   963   1234   1365   1417   1702   1967   1906   1968   1969   1970   1971   1966   2238
383   1986   1912   2077
306   487   1193   1289   1624   2081   2322
558   2585
1441
467   873   1358   1857   2313   2314
1358   1986   2365   1738   1739
372   480   687   1358   2444
1358   1629   1765   1730   1731
1358   2446   1725
88   1358   1696   1898
1154   1169   1358   1727
58   1154   1358
1199   1214   1358   2446
1114   1358   2560   1731
1103   1358   1430   2685
1169   1317   1358   1765
1169   1317   1358   1765
105   228   687   689   1358   1687   2476   1761
289   312   1358
73   565   768   1358   1724
768   1358   1723   2216   2215
59   557   628   687   1070   1072   1358   1427   1712   2413   2596   1734   1740   1745   2334   2597
1358   1483   2168
188   1358   1714
961   1358   2257   2555   2599
657   1013   1358   1568   1625
1358   1711
1169   1358   1711   1717   1755
88   748   1224   1358   1566
831   1072   1358
1169   1358   1725   2597
562   969   1282   1358   1412   1483   1776   2324
155   817   1358   1763
64   1169   1209   1358   2616   1888
466   1358   1709   2365   2366
53   616   1317   1358   1709   1886   1750   2221   1766
268   312   657   915   1035   1072   1358   1627   1725   2389   2390   2391   2392   1804
88   1309   1358   2593
174   403   526   533   580   1007   1154   1358   1427   2443   2307   2444   1749   2445   1758
389   704   742   969   1358   1412   1483   2450   2113
1358   1765
73   1214   1358   1486   1589   1725   2596
1281   1358   1678
1148   1358
1103   1281   1358
1229   1358   1742   2446
1358   1520   1601   1739   1765   1766
73   1358   1426   2596
154   1358   1754
154   1339   1358
154   326   1358   1752
1358   1731   1765
364   650   732   1358   1632   2642
957   1358   2451
464   580   860   1358   1742   2466
239   493   569   1358
1103   1358
4   223   1205   1256   1358   1721   2175
111   758   853   1358
155   156   817   1358   1736
628   1358
290   501   580   823   825   1040   1358   1492   1520   1562   1711   1719   1720   1744   1750   1755   2492
1358   1739   1750
1623   1783
1623   1837   2325
109   399   544   1623
306   1245   1623   2080
306   1623   1778
109   306   426   487   1564   1623   2045   1782
487   638   1045   1623   1789   1780
1623
103   306   350   484   1623
138   337   960   1282   1283   1499   1572   1623   1735   2045   2078   2324
133   426   1623   1624   2143
350   1367   1552   1623   1624   1771   2327
109   306   505   1623   1624   2318
139   1623   1624   1773
36   306   1623   1998   2107
306   350   426   487   1623   1772   1798   2326
1623   1767
133   1072   1623   2045   2096
109   317   808   963   1624
18   1564   1624
109   306   1624   1810   2045   2143
1015   1505   1624
109   426   1015   1618   1773
103   695   1609
191   1197   1609   2045
581   2485
798
798   1381   1796   1795
798   828   1794   1796   2299   2464
1794   1795   2297
306   1012   1072   1336   2088
306   329   487   958   1072   1584   1656   1782
306   1072   1465   1701
476   852   1072
1035   1072   1505   2451   2203
306   1072   2079
77   354   659   1072
306   1072   1546   1740   2451
109   306   426   556   1072
453   962   1809
180   429   482   962   2034
579   962   1810
962   1806   1810
13   27   224   230   351   481   482   511   549   568   576   716   719   790   795   835   962   1004   1062   1095   1107   1121   1299   1331   1348   1576   1581   1787   1808   1809   1811   1812   1813   1814   1815   1816   1817   1818   1819   1820   1821   1822   1823   1869
1810   1822
482   1810   1986   2034   2550
1424   1810
482   1810
310   1810   1950
829   1810
733   1810
733   1810   2305   2306
1581   1810   1948
1701   1810   1873
316   598   603   716   1810
1810   1811
598   1126   1810
360   448   645   1183   1267   1470   1825   1826
392   472   1183   1824
264   448   645   1408   1409   1824   1827   1829
1409   1553   1826   1828
238   1408   1409   1827
940   1070   1408   1826   1902
889   1067   1513   2045
824   889
889
797   1035   1834
372   449   800   1833   2359
898   2157   2160
92   898
183   997   1330   1768
95   1204   2182   2219
11   979   1204   1655   2424   2453
1013   1377   2071
408   734   736   1013   2056
120   816   1013   1203   1538   1655   2405   2281   1979   1980
415   1013
868   1013   2276
894   1013
1013   1701   2117   1867   2357
88   415   1013
325   1013   1224   1376   1652   1909   2419
56   412   447   1013   1487   1616   1914
32   415   666   1013
118   693   1013   1224   1661   2485
1701   2045
1701
1701
1171   1701
306   1335   1701   2045   2096
304   1701   1708
899   1701
1701   1986
1701
1701
0   926   1701   2582
532   1701
232   598   869   1701
311   1147   1701
633   1701
1701   1846   2117
231   316   766   1701
199   203   205   277   420   465   1097   1701   1810   2309
157   598   1701   1986
102   228   417   1701
1701
603   935   1701   1820   1986
722   1106   1567   1701   2500   2501
598   1701   1986
1701   1986
1701   2573
102   661   2256
490   578   661   1526
479   661   753   1269
661   735   739   1543   1958
88   514   516   661   1309
661
113   249   661   854   1958   1885
661   1884   2644
1103   1739
1103   1888
1103   1737   1887
429   1531   1890   1891   1892   1893   2034   2130   2039
1889   2130
1889   2034   2130
1580   1669   1889
920   1889
229   261   536   770   1049   1149   1215   1405   1479   1508   1655   2034   2117   2118
645   1566
541   709   793   1897
1896   1903
379   645   755   1713
388   645   1902   2491   2510
645   2608
119   645   1549   1954   2284   2286
264   448   793   844   1360   1478   1829   1899   1903   1904
709   793   840   1897   1902   2269   1960   2592
1360   1902   1960
210   1914
210   1703   1964   2059   1907
146   210   566   673   674   717   897   1906
88   211   415   1178   1474   1529   1677
211   239   1131   1171   1848   2305
121   1296
945   1296   1368   2553
435   995   1174   1296   1338   1609   1704   2404   2102   2103
35   440   895   1296
41   69   175   506   596   604   778   779   830   921   955   1079   1359   1362   1464   1485   1525   1539   1592   1674   1675   1676   1849   1905   1915   1916   1917   1918   1919   1920   2388
1914   2649
907   1535   1914
454   1914   2457
506   1914
778   779   1224   1370   1402   1914
69   1914   1926   2310   2422   2653
315   827   1416
1008   1416
1416   1927
942   1416   1927
1042   1416   2620
69   1042   1416   1920   2051   2052   2189
146   305   405   738   769   1152   1218   1435   1923   1924   1928   1929   1930
1344   1447   1927   2317   2475
1268   1671   1927   2034
1131   1927
507   1413   1542
402   1413   1936
251   507   1300   1413
338   1413
877   1176   1177   1413   1542
402   507   1413   1542   1932
548   1938
1937
19   1542
402   507   1300   1542
507   1300   1334   1542   2508
150   875   1542
1340   1542
310   336   352   1945   1946   1950
310   875   1272   1944   1947   1946
310   1944   1945   1950
310   1272   1945   1950
310   1819   1950
310   1221
310   336   875   892   1054   1241   1272   1334   1432   1605   1815   1944   1946   1947   1948
622   1952   2204   2206
622   788   942   1002   1031   1654   1951   2204   2205   2206
458   1470   1555
590   1128   1441   1901   1955   1956   1957   1958   2275
676   807   1168   1179   1226   1954   2235   1956
807   1226   1954   1955
979   1355   1441   1954   2241   2630
735   739   1237   1441   1881   1884   1954
119   132   379   904   2621
1360   1903   1904   2491
703   801   1022
1022   1276   1963
1022   1962
248   463   1906   1965   1966
39   1964
94   362   443   463   946   1010   1234   1569   1702   1703   1964   1971
275   1703
1671   1703   2034
1703   2236   2238
271   1702   1703
1702   1703   1966
1351   1402   1652
32   252   490   504   666   779   822   1333   1482   1525   1637   1683   1974   1975   1976
578   737   1973
1224   1370   1421   1676   1973   2109   2110
147   502   1973
436   1526
249   436   478   514   621
436   1842   2178   2405   1980
436   816   1842   1979   2405
436   490   1526
130   436
55   438   897   2034
438   651   1178   1266   1529
437   438
2   45   68   71   151   160   179   201   215   232   335   366   391   460   476   519   566   673   681   743   745   792   899   968   1023   1095   1127   1149   1166   1434   1453   1558   1574   1697   1704   1709   1812   1859   1870   1873   1875   1876   1987   1988   1989   1990   1991   1992   1993   1994   1995   1996   1997   1998   1999   2000   2001   2002   2003   2004   2005   2006   2007   2008   2009
1295   1986   2509   2004
396   1986
460   1986
1986
1986   2325
1185   1986
849   1986
169   1986
553   745   1583   1986
8   327   1986   2063   2064
1347   1986   2412
109   191   519   695   1197   1781   1986   2326
285   818   827   1986
160   267   314   1986
91   429   503   574   1986   2335   2378   2044   2348   2379   2380   2121   2002   2003   2123   2381
1986   2001   2379
185   332   1986   2001   2123
180   316   1986   1987
1986
746   1986   2477
1986
733   1986   2301
160   553   745   1986   2025
88   118   161   2016
25   88   733
88   272
88   471
88   415
88   1309   2071
88   842   973   2010   2071
88   130   815   1487   2467
76   356   621   815   851   1658   2019
973   2018
55   323
55   65   239   1628   2418
323   454   2190
651   1512   2217
478   651   885   1332   2178   2156
149   572   671   1110   1120   1357   1498   1583   2009   2026   2027   2028
487   2025   2045   2096
938   1239   2025   2360
2025
472   1543   1579
118   903   2112
903   2436
1336
740   788   1002   1336
14   49   86   141   158   224   382   417   617   691   791   841   1002   1026   1270   1273   1319   1336   1448   1497   1614   1654   1665   1807   1812   1889   1891   1894   1929   1968   1983   2035   2036   2037   2038   2039   2040   2041   2042   2130
733   1324   2034
833   2034
180   2034
293   2034
1889   2034   2042
33   2034   2122   2120
48   429   788   2034
2034   2039
429   2406
429   2001
109   126   133   139   153   215   236   306   308   318   341   519   563   603   699   1013   1248   1337   1448   1651   1772   1776   1784   1787   1791   1830   1852   1856   2026   2046   2047   2048
236   306   484   2045   2048
294   2045
306   2045   2046
80   142
1616   2485
1042   1926   2364
74   544   1042   1926
52   1628
95   456   525   1042   1139   1540   1602   1628   2133
1042   1588   1628   2198
100   408   734   1628   1680   1841   2311   2576
525   1628
635   1378   2150
146   405   718   1008   1435   1906
735
735
701   735
327   928   1325   1326   1996
327   1996
918   2066   2067
1098   1477   2065   2122
1098   1477   2065
861   1330   1377
702   1377   2070
702   1377   2069
725   755   1435   1566   1592   1840   2015   2016
1395   1602   2182
901   1042   1602
95   1602   2181   2277
14   775   1020   2076   2077   2091   2667   2668
180   218   2075   2077   2667
14   486   1020   1704   2075   2076
236   306   836   1776
126   236   1802
112   306   487   608   655   1245   1311   1367   1459   1770
484   1705
18   133
367   505   650   752   957   1483   1550   1557   1685   2168
306   350   409
306   350   910   1490   2089
306   1089   1505   2094
306   1335
306   1797
306   350   2085
306   350   656   1335
218   306   2075
109
109   741   831
36   109   441   530   2086   2106
109   135   2329   2145   2504
859   937   1009   1784   1856   2026
79   522   975   2098
2097
490   868   1526   2425
803   830   1184   2101
702   2100
1309   1912   2385
1309   1912   2385
516
490   517
36   2094
36   399   1505   1781
693   1519
604   1085   1396   1421   1975   2110
1085   1421   1975   2109
711
118   255   711   1690   2030   2436
704   711   1077   1483   1743   2450
386   1083   2588   2509   2519
386   2117   2519
356   1218
386   770   1508   1846   1867   1894   2115   2118
229   1894   2117
33   218
33   442   665   2040   2637
33   2001   2122
91   196   332   627   665   1051   2040   2066   2121   2123
91   330   2001   2003   2122   2380
1119   1273   1608   1611   2125   2126   2127
1111   1119   1273   2124   2126
870   1111   1119   1235   1273   1608   2124   2125
546   1119   2124   2130
1119   2129
1111   1119   1273   2128
430   691   791   912   983   1261   1889   1890   1891   2034   2127   2249
1463   2182   2133
1163   1463   1482   1683
276   434   1463   1695   2054   2131   2182
921   1351
175   190   2282
737   1121   1655   1671
1394   1487   1671
548   598   944
24   1636   2140   2141
17   927   1301   1679   2139
24   1636   2139   2142
2141
303   1367   1777   1787
135   137   2145   2329   2504   2331
18   1512   2095   2144
374   509   846   1101   1242   2147   2148
374   455   658   1664   2146   2486
509   1101   1242   2146
374
1378   2058
93   1224   2423
1224   2385
973   1224   2155
1224   1291   1587   1660
74   280   539   586   749   993   1118   1131   1143   1152   1203   1224   1535   2153   2293   2294   2295
324   651   1224   2024
108   1835   2158   2159   2160
2157
23   2157   2160
898   1328   1647   1698   1835   2157   2159   2161
1327   2160
30   61   738   1080   2163
1073   1303   1348   1502   2162
87   2217   2282
118   279   1343
118   1029
957
834   876   1033   1557   1586   1726   2083   2169
131   683   1546   1547   2168
1357   2171
2170
52   525   1467   1628   2182
939   2174
2173
4   982   1256   1761   2176
4   595   982   1016   1091   1256   1382   2175
398   644   2367   2371
76   88   415   737   1309   1979   2024
440
81   257   525   2183   2182
95   142   525   1388   2074   2196   2197   2202
52   95   239   415   525   858   1139   1285   1515   1838   2072   2131   2133   2172   2180   2231   2232   2198   2233
95   525   2180
70   441
1131   1133   1500   1538
756   901   1279   1692   2199
172   756   1472   1692
454
69   454   847   1395   1682   1926
454   2022
387
144   213   495   537
2194
214   324   1120   2193   2195
594   663   1333   2194
1631   2181
95   734   736   965   1388   2181
751   964   1042   2055   2182
95   456   544   680   731   901   1580   2186   2200   2201
95   1580   2199
95   552   2199
734   736   751   2181
731   1279   1801   2511   2330
1951   1952   2521
48   788   1952
48   1951   1952
979   1200   2241
1483
108   1504   1647
104   864
1065   2356
708   710   1392   2216
51   421   710
51   1201   2216
51   457   1724   2216
421   457   708   1724   2212   2214   2215
96   175   231   2023   2164
1411   1459
475   485   1838
1148   1169   1317   2221   2525
823   1148   1317   1739   2220   2507
75   284   2224   2225
75   84   284   2224
75   84   284   583   2222   2223   2226   2225
75   284   583   2222   2224
84   284   2224
266   634   1269   1399   1630   2228
809   1396   1501   2227   2394   2395
266   601   809
482   606   938   2296
2182   2292
315   1376   2182
636   2182   2291
1515
612   676   1955
151   805   1969   2237
1240   2236   2238
22   151   152   627   706   1702   1703   1969   2237   2239   2240
2238
152   963   1157   1443   1530   2238   2399
500   1191   1503   1957   2207   2242
2241   2539
1107   1503   2244   2245   2246
281   2243
2243   2246
1595   2243   2245   2247
281   972   1086   1325   2246   2509   2543
348   428   837   856   996   1071   1135   1138   1255   1257   1366   1461   1545   2249
368   1257   2130   2248   2518   2671
283   348   1138   1260
121   1158   2252
121   1158   2251
1697
1146
225
102   1878
1728
1290
1419   1436   2335   2337
529   1417   1419
718   1474
1015   1143
94   1015   2490
1104
984   1322   1324
1395   2267   2364   2321
1395   2266
309   383   733   1160   1278   2291
20   370   392   1415   1619   1903   2270
20   128   1354   1414   2269   2375
1441
1441
1441
1370   1441   1527
1128   1441   1954
868   1115   1844
734   839   2074
850   1359
110   565   2466
242   270   279   838   1131
1131   1842   2405
816   1131   1351   1655   2135   2164
575   1131   1382
1901   2285
451   989   2284   2286
1549   1901   2285
610   826   2288
114   610   2287
444   584   623   2464
444   1102   1207   2464   2496
377   481   715   733   1265   1682   2233   2268   2292
2231   2291
921   1535   2155
1141   2155
86   897   1110   1655   2155
313   1134   2230
1796   2298   2299
2297
1795   2297
1196
733   2008
733   1692
45   733   2541
465   469   733   2385
309   453   1278   1818   1909   2306
453   1278   1818   2305   2552
482   1067   1742
159   482   531   2559
210   461   994   1021   1043   1268   1399   1869
21   1920
2056   2576
61   1333
873   1708
767   1708
1344
1343
25   1403   1928
1681   1779
695   1681   1682
1681   1682
1682   2266
1705
344   1444
1282   1283   1735   1776
508   1768   1991
878   1142   1782   1998
699   1490   1778   2328
2327
137   397   2095   2144   2330   2331
861   2203   2329
2144   2329
1125   1481   1669
1042   1047   1588
174   1725
151   627   1385   1474   1481   1519   2001   2259   2336
1046   1202   1428   2335   2524
2259
1558   2555
843   1191   1558   2340
1558   2339
780
1259
30   2344
279   1080   2343   2475
1692
1469   1692   2349
456   544   1692
576   1692   2001
1185   1460   1469   1498   1692   2346   2358
1178   1417   1529
394   577   849   906   1064   1129
577   1064   1129
577   906   1129
577
94   2356   2357
675   934   2211   2355   2357
39   94   1846   2355   2356
631   1185   1460   1469   2349
290   480   687   797   1136   1171   1175   1189   1433   1834   2372
27   606   2027   2578
606
442
125   1555
667   2051   2266
391   616   970   998   1565   1709   1738
46   686   1738
15   395   765   894   1090   1093   1147   1271   1598   2177   2368   2369   2370   2371
2367   2370
2367   2370
2367   2368   2369
1147   2177   2367
480   687   2359
267
20
20   371   1404   2270
783   813   911   1061   1143   1202   1428
372
1018   2001
1107   2001   2002
91   2001   2123
1662   1666   2001
814   1158   2383
299   588   808   814   893   924   1051   1484   1635   2382
1655
191   995   1338   2102   2103   2152   2304
299   885   1082
271   299   638   1046   1406   1510
175   551   728   945   1377   1914
1740   2451
489   1041   1740   2451   2391
489   1740   2390   2451
535   1740   2451
368   1634
88   471   504   600   724   1027   1085   1174   1396   1399   1420   1421   2228   2395   2396   2397
724   1396   1501   2228   2394
504   1420   2394
2394
1662   2493
43   963   1443   2240   2434
43   963
375   963   2434   2435
781   2403
836   2402
1912
120   483   816   1842   1979   1980   2281
523   2043
573   643   1313
434   1693
716   1057
2411
2410
197   469   1997
1725   2414   2415
1200   2413
915   2413   2597
1152   2417
2416
57   65   239   572   1293   2021
65   74   497   1848
640
757
847   1920
279   304   518   2151
195   1839
1341   1526   1622   2099   2426
2425
37   349   2428
2427
250
201   570
2432
2431
1233
375   963   1087   2399   2401
375   2401
989   1507   2031   2112
167   168   2438
168   2437
867   1229   2530   2652
657   867   1229   2530
1229   1599
657   867   1229   2530   2614
615   1742
16   464   580   1710   1742   2503
464   580   1742   2503
609   1216   1427   1712   1716   1749   2447   2448
609   1037   2446
609   762   1041   1067   2446
1523
389   562   704   754   969   1077   1284   1412   1527   1620   1743   2113
268   367   752   1757   1801   1804   2389   2390   2391   2392   2452
2451   2685
354   1839
26   99   122
26   99   122   123
672   817
499   1917   2458   2649
499   2457
760   2689
760   1599
106
1442
89   340   584   1157
444   515   584   623   828   1102   1207   1530   1795   2289   2290   2465
515   1102   2464
425   533   1007   1758   2279
2017   2468
2467
365   1475
614   1475
48   2493
192   456   591   642   667   1017
217   2648
217   243
1928   2344
105   524   564   1169   1596   1721   2651
2006
124
1236
331   712   1359
610   840
167   1056
385   2484
369   385   2483
252   1370   1592   1792   1851   2050
455   1684   2147
85
85
1608
94   2263
1360   1899   1960
111   301   758   1169   1765
157   855   2398   2471
417   2495
833   1130   1641   2494
2290
388   703   1578
271   299   1484
1117   1524
722   1567   1874
722   1092   1106   1321   1874
858
403   616   1038   1216   2444   2445
137   2095   2144
406
114
353   1250   2221
507   1300   1941
1365   1987   2114   2247   2519
1899
2203
569
1684
1154   2515
246   936   1154   2514   2530
694   801   2517
941   2516
148   381   996   1135   1257   2249   2538
1365   2114   2115   2509
1428   1429   1484
2204
657   867   2656
657   867
1202   1428   2336
154   2220
560   585
540
826   1226
959
871   936   2439   2440   2442   2515
1026
460
1201
605   620   729   1159   2535
1186   2534
1307
117   259
381   450   492   1257   2518
237   2242   2540   2632
2539
1591   2303
843
269   1000   2247
3
10
5   466   628   952
488   515
582
582
1812
269
2306
728   748   1368   1470   1911
1136   2689
792   961   1728   2338   2599
626   1249   1610
1610
626   1249   1610
2308
1114   1717   2561
2560
292   1036
1050   1081
194   1050   1379   1380   1451
953   2566   2567
953   2565
953   2565
1023
380   477   930
727   1151   1386   2572   2573
1386
2570
1877   2570
1186
1008
1680   2056   2311
1235   1663
27   2360
972   1086   1225
186   972   1228   1536
83   449
0   1166   1862
247
876
558   1706
1375
1046
2114
1185
1185   1469   1498
234   1552
793   1903
1741
218   2680
833
1589   1725   1745   1751
915   1358   1389   1725   1734   2415
329
961   1728   2555
832
1488   2609
2603
2602
99   123   127
1348
670
1003
891   1674   1900
411   2601
1049
1239
1280   1516
1095
9   494   723   1599   2442
332   2696
64   1737
166
2619
2618
1925
1959
145
946
44   2701
2626
2625
929
67
692
1957   2699
66
2539
1563
2635   2636
2634
2634   2693
2120
447
917
1519
535   936
16   358   364   1756
111
1885
29   258   706   1443
194
243   473   1686
243   1532   2473
1915   2457
960
59   105   2476
357   871   2439
865   1920
403   1037   2655
2654
1252   2522
1642
1642
967
1673
12   1318
12   1001   1318
1432   1605
1438
2666
2665
45   486   1020   2075   2076   2668
14   45   486   2075   2667
592
837   1194   2679
428   726   1071   1109   1135   1206   1257   1533   1688   2249   2672   2673   2674   2675
2671
492   1257   2671
1109   2671   2675
1109   2671   2674
200   1439
956   1257
492   1135   1257
177   1257   1639   2670   2682
1522   2594
209   361   1390   1449   2683
177   2679
2681
1320   1349
296   732   1718   2452
1554   1657
1554   2688
1554   1657   2687
2459   2554
611
71   206
1310
2636
431   2695
431   2694
2615
986
1400   1573
2630
1151
44   2624
186   1536
1298
641
287
165   169   1473   2707
165   598   1473   2706
