10 	14 	15 	40 	42 	47
17 	19 	26 	27 	28 	36 	41 	54
10 	42 	44 	61
8 	14 	59
51
9 	13 	56 	57
9 	13 	17 	54 	56 	57
19 	27 	30 	40 	54
3 	20 	28 	37 	45 	59
5 	6 	13 	17 	32 	41 	57
0 	2 	29 	42 	47
51
33
5 	6 	9 	17 	32 	41 	54 	57
0 	3 	16 	24 	33 	34 	37 	38 	40 	43 	50 	52
0 	18 	24 	40 	45 	55 	59
14 	20 	33 	37 	38 	50
1 	6 	9 	13 	22 	25 	27 	31 	57
15 	20 	21 	24 	29 	45 	51
1 	7 	30 	54
8 	16 	18 	28 	36 	38 	44 	47 	50
18 	29 	33 	37 	45 	51
17
36 	45 	51
14 	15 	18 	29 	45 	51
17 	26 	27
1 	25 	27
1 	7 	17 	25 	26
1 	8 	20 	30 	47
10 	18 	21 	24 	35 	43 	45 	51 	52
7 	19 	28 	42 	47
17
9 	13 	60
12 	14 	16 	21 	34 	37 	38 	40 	43 	50
14 	33 	37 	44 	49
29
1 	20 	23 	37 	39 	40 	59
8 	14 	16 	21 	33 	34 	36 	40 	43 	45 	61
14 	16 	20 	33 	43 	44 	52 	58
36 	57
0 	7 	14 	15 	33 	36 	37 	52
1 	9 	13 	54 	57
0 	2 	10 	30 	47 	50
14 	29 	33 	37 	38 	46 	53
2 	20 	34 	38
8 	15 	18 	21 	23 	24 	29 	37 	50 	51 	59
43 	49
0 	10 	20 	28 	30 	42
57
34 	46
14 	16 	20 	33 	42 	45 	51
4 	11 	18 	21 	23 	24 	29 	45 	50 	55
14 	29 	38 	40
43 	61
1 	6 	7 	13 	19 	41 	57
15 	51
5 	6
5 	6 	9 	13 	17 	39 	41 	48 	54
38
3 	8 	15 	36 	45
32
2 	37 	53
